  10:04:35.270  [{"Time":0,"Poses":[{"EasingStyle":"Linear","Name":"HumanoidRootPart","CFrame":[0,0,0,1,0,0,0,1,0,0,0,1],"SubPoses":[{"EasingStyle":"Constant","Name":"Torso","CFrame":[-0.0005456481594592333,-0.01450493186712265,-0.00012803077697753906,0.9998350739479065,0.018150774762034417,-0.0006634410819970071,-0.01815965212881565,0.999679684638977,-0.017633890733122827,0.0003431597724556923,0.01764303259551525,0.9998443126678467],"SubPoses":[{"CFrame":[8.89413058757782e-8,-1.8080754671245814e-9,0.0166623592376709,0.9999884366989136,0.0003014787507709116,0.004813026636838913,-0.00020995206432417035,0.9998199343681336,-0.018976403400301935,-0.004817926790565252,0.018975241109728814,0.9998083114624023],"EasingStyle":"Constant","Name":"Head","EasingDirection":"In"},{"CFrame":[-0.00043386640027165413,0.0026487112045288088,-0.0009084343910217285,0.9998815655708313,-0.01131428498774767,0.010431039147078991,0.011074529029428959,0.9996795654296875,0.022762998938560487,-0.010685242712497712,-0.022644853219389917,0.9996865391731262],"EasingStyle":"Constant","Name":"Right Arm","EasingDirection":"In"},{"CFrame":[-0.0002418477088212967,0.0026617050170898439,-0.0008524656295776367,0.9998692870140076,-0.004635908640921116,0.015494873747229576,0.0043096463195979599,0.9997696876525879,0.021027274429798127,-0.015588807873427868,-0.020957842469215394,0.9996588826179504],"EasingStyle":"Constant","Name":"Left Arm","EasingDirection":"In"}],"EasingDirection":"In"}],"EasingDirection":"In"},{"EasingStyle":"Constant","Name":"Torso","CFrame":[-0.0005456481594592333,-0.01450493186712265,-0.00012803077697753906,0.9998350739479065,0.018150774762034417,-0.0006634410819970071,-0.01815965212881565,0.999679684638977,-0.017633890733122827,0.0003431597724556923,0.01764303259551525,0.9998443126678467],"SubPoses":[{"CFrame":[8.89413058757782e-8,-1.8080754671245814e-9,0.0166623592376709,0.9999884366989136,0.0003014787507709116,0.004813026636838913,-0.00020995206432417035,0.9998199343681336,-0.018976403400301935,-0.004817926790565252,0.018975241109728814,0.9998083114624023],"EasingStyle":"Constant","Name":"Head","EasingDirection":"In"},{"CFrame":[-0.00043386640027165413,0.0026487112045288088,-0.0009084343910217285,0.9998815655708313,-0.01131428498774767,0.010431039147078991,0.011074529029428959,0.9996795654296875,0.022762998938560487,-0.010685242712497712,-0.022644853219389917,0.9996865391731262],"EasingStyle":"Constant","Name":"Right Arm","EasingDirection":"In"},{"CFrame":[-0.0002418477088212967,0.0026617050170898439,-0.0008524656295776367,0.9998692870140076,-0.004635908640921116,0.015494873747229576,0.0043096463195979599,0.9997696876525879,0.021027274429798127,-0.015588807873427868,-0.020957842469215394,0.9996588826179504],"EasingStyle":"Constant","Name":"Left Arm","EasingDirection":"In"}],"EasingDirection":"In"},{"CFrame":[8.89413058757782e-8,-1.8080754671245814e-9,0.0166623592376709,0.9999884366989136,0.0003014787507709116,0.004813026636838913,-0.00020995206432417035,0.9998199343681336,-0.018976403400301935,-0.004817926790565252,0.018975241109728814,0.9998083114624023],"EasingStyle":"Constant","Name":"Head","EasingDirection":"In"},{"CFrame":[-0.00043386640027165413,0.0026487112045288088,-0.0009084343910217285,0.9998815655708313,-0.01131428498774767,0.010431039147078991,0.011074529029428959,0.9996795654296875,0.022762998938560487,-0.010685242712497712,-0.022644853219389917,0.9996865391731262],"EasingStyle":"Constant","Name":"Right Arm","EasingDirection":"In"},{"CFrame":[-0.0002418477088212967,0.0026617050170898439,-0.0008524656295776367,0.9998692870140076,-0.004635908640921116,0.015494873747229576,0.0043096463195979599,0.9997696876525879,0.021027274429798127,-0.015588807873427868,-0.020957842469215394,0.9996588826179504],"EasingStyle":"Constant","Name":"Left Arm","EasingDirection":"In"}]},{"Time":0.06666667014360428,"Poses":[{"EasingStyle":"Linear","Name":"HumanoidRootPart","CFrame":[0,0,0,1,0,0,0,1,0,0,0,1],"SubPoses":[{"EasingStyle":"Constant","Name":"Torso","CFrame":[-0.0005456479266285896,-0.08555911481380463,-0.004462003707885742,0.9998350739479065,0.018150771036744119,-0.0006634409655816853,-0.01812131516635418,0.9944105744361877,-0.10401569306850434,-0.0012282319366931916,0.10401055961847305,0.9945754408836365],"SubPoses":[{"CFrame":[8.905772119760513e-8,4.290268407203257e-8,0.0166623592376709,0.999830424785614,-0.018414143472909929,0.00014220626326277852,0.018357988446950914,0.9973260164260864,0.07073894888162613,-0.001444412162527442,-0.07072430849075318,0.9974948763847351],"EasingStyle":"Constant","Name":"Head","EasingDirection":"In"},{"CFrame":[-0.00041387416422367096,0.0027292966842651369,-0.0004849433898925781,0.9995996952056885,-0.007812227588146925,0.027191411703824998,0.007540734484791756,0.9999209046363831,0.010072678327560425,-0.027267949655652047,-0.009863637387752533,0.9995794892311096],"EasingStyle":"Constant","Name":"Right Arm","EasingDirection":"In"},{"CFrame":[-0.00003197789192199707,0.0027701854705810549,-0.0002709627151489258,0.9999555945396423,-0.0025440845638513567,-0.009081797674298287,0.002574311103671789,0.999991238117218,0.003311305772513151,0.009073265828192234,-0.0033346968702971937,0.9999532699584961],"EasingStyle":"Constant","Name":"Left Arm","EasingDirection":"In"}],"EasingDirection":"In"}],"EasingDirection":"In"},{"EasingStyle":"Constant","Name":"Torso","CFrame":[-0.0005456479266285896,-0.08555911481380463,-0.004462003707885742,0.9998350739479065,0.018150771036744119,-0.0006634409655816853,-0.01812131516635418,0.9944105744361877,-0.10401569306850434,-0.0012282319366931916,0.10401055961847305,0.9945754408836365],"SubPoses":[{"CFrame":[8.905772119760513e-8,4.290268407203257e-8,0.0166623592376709,0.999830424785614,-0.018414143472909929,0.00014220626326277852,0.018357988446950914,0.9973260164260864,0.07073894888162613,-0.001444412162527442,-0.07072430849075318,0.9974948763847351],"EasingStyle":"Constant","Name":"Head","EasingDirection":"In"},{"CFrame":[-0.00041387416422367096,0.0027292966842651369,-0.0004849433898925781,0.9995996952056885,-0.007812227588146925,0.027191411703824998,0.007540734484791756,0.9999209046363831,0.010072678327560425,-0.027267949655652047,-0.009863637387752533,0.9995794892311096],"EasingStyle":"Constant","Name":"Right Arm","EasingDirection":"In"},{"CFrame":[-0.00003197789192199707,0.0027701854705810549,-0.0002709627151489258,0.9999555945396423,-0.0025440845638513567,-0.009081797674298287,0.002574311103671789,0.999991238117218,0.003311305772513151,0.009073265828192234,-0.0033346968702971937,0.9999532699584961],"EasingStyle":"Constant","Name":"Left Arm","EasingDirection":"In"}],"EasingDirection":"In"},{"CFrame":[8.905772119760513e-8,4.290268407203257e-8,0.0166623592376709,0.999830424785614,-0.018414143472909929,0.00014220626326277852,0.018357988446950914,0.9973260164260864,0.07073894888162613,-0.001444412162527442,-0.07072430849075318,0.9974948763847351],"EasingStyle":"Constant","Name":"Head","EasingDirection":"In"},{"CFrame":[-0.00041387416422367096,0.0027292966842651369,-0.0004849433898925781,0.9995996952056885,-0.007812227588146925,0.027191411703824998,0.007540734484791756,0.9999209046363831,0.010072678327560425,-0.027267949655652047,-0.009863637387752533,0.9995794892311096],"EasingStyle":"Constant","Name":"Right Arm","EasingDirection":"In"},{"CFrame":[-0.00003197789192199707,0.0027701854705810549,-0.0002709627151489258,0.9999555945396423,-0.0025440845638513567,-0.009081797674298287,0.002574311103671789,0.999991238117218,0.003311305772513151,0.009073265828192234,-0.0033346968702971937,0.9999532699584961],"EasingStyle":"Constant","Name":"Left Arm","EasingDirection":"In"}]},{"Time":0.13333334028720857,"Poses":[{"EasingStyle":"Linear","Name":"HumanoidRootPart","CFrame":[0,0,0,1,0,0,0,1,0,0,0,1],"SubPoses":[{"EasingStyle":"Constant","Name":"Torso","CFrame":[-0.0005456479266285896,-0.18833351135253907,-0.0218508243560791,0.9998350739479065,0.018150771036744119,-0.0006634409073740244,-0.017820490524172784,0.9732727408409119,-0.2289603054523468,-0.003510095411911607,0.22893434762954713,0.973435640335083],"SubPoses":[{"CFrame":[8.69622454047203e-8,-1.798980520106852e-9,0.016662001609802247,0.9996170997619629,-0.027476323768496515,-0.003294622525572777,0.02762794680893421,0.9840719699859619,0.1756107658147812,-0.0015830756165087224,-0.17563454806804658,0.9844541549682617],"EasingStyle":"Constant","Name":"Head","EasingDirection":"In"},{"CFrame":[0.027160994708538057,-0.10052883625030518,-0.0006316304206848145,0.9734659194946289,-0.15634161233901978,0.16709738969802857,0.15387050807476045,0.9877022504806519,0.027715858072042466,-0.16937556862831117,-0.0012692792806774378,0.9855508208274841],"EasingStyle":"Constant","Name":"Right Arm","EasingDirection":"In"},{"CFrame":[-0.024859147146344186,-0.0963062047958374,0.0008084774017333984,0.9822167158126831,0.17063820362091065,-0.07831434160470963,-0.17124512791633607,0.9852279424667358,-0.0010518768103793264,0.07697795331478119,0.01444397121667862,0.9969282746315002],"EasingStyle":"Constant","Name":"Left Arm","EasingDirection":"In"}],"EasingDirection":"In"}],"EasingDirection":"In"},{"EasingStyle":"Constant","Name":"Torso","CFrame":[-0.0005456479266285896,-0.18833351135253907,-0.0218508243560791,0.9998350739479065,0.018150771036744119,-0.0006634409073740244,-0.017820490524172784,0.9732727408409119,-0.2289603054523468,-0.003510095411911607,0.22893434762954713,0.973435640335083],"SubPoses":[{"CFrame":[8.69622454047203e-8,-1.798980520106852e-9,0.016662001609802247,0.9996170997619629,-0.027476323768496515,-0.003294622525572777,0.02762794680893421,0.9840719699859619,0.1756107658147812,-0.0015830756165087224,-0.17563454806804658,0.9844541549682617],"EasingStyle":"Constant","Name":"Head","EasingDirection":"In"},{"CFrame":[0.027160994708538057,-0.10052883625030518,-0.0006316304206848145,0.9734659194946289,-0.15634161233901978,0.16709738969802857,0.15387050807476045,0.9877022504806519,0.027715858072042466,-0.16937556862831117,-0.0012692792806774378,0.9855508208274841],"EasingStyle":"Constant","Name":"Right Arm","EasingDirection":"In"},{"CFrame":[-0.024859147146344186,-0.0963062047958374,0.0008084774017333984,0.9822167158126831,0.17063820362091065,-0.07831434160470963,-0.17124512791633607,0.9852279424667358,-0.0010518768103793264,0.07697795331478119,0.01444397121667862,0.9969282746315002],"EasingStyle":"Constant","Name":"Left Arm","EasingDirection":"In"}],"EasingDirection":"In"},{"CFrame":[8.69622454047203e-8,-1.798980520106852e-9,0.016662001609802247,0.9996170997619629,-0.027476323768496515,-0.003294622525572777,0.02762794680893421,0.9840719699859619,0.1756107658147812,-0.0015830756165087224,-0.17563454806804658,0.9844541549682617],"EasingStyle":"Constant","Name":"Head","EasingDirection":"In"},{"CFrame":[0.027160994708538057,-0.10052883625030518,-0.0006316304206848145,0.9734659194946289,-0.15634161233901978,0.16709738969802857,0.15387050807476045,0.9877022504806519,0.027715858072042466,-0.16937556862831117,-0.0012692792806774378,0.9855508208274841],"EasingStyle":"Constant","Name":"Right Arm","EasingDirection":"In"},{"CFrame":[-0.024859147146344186,-0.0963062047958374,0.0008084774017333984,0.9822167158126831,0.17063820362091065,-0.07831434160470963,-0.17124512791633607,0.9852279424667358,-0.0010518768103793264,0.07697795331478119,0.01444397121667862,0.9969282746315002],"EasingStyle":"Constant","Name":"Left Arm","EasingDirection":"In"}]},{"Time":0.20000000298023225,"Poses":[{"EasingStyle":"Linear","Name":"HumanoidRootPart","CFrame":[0,0,0,1,0,0,0,1,0,0,0,1],"SubPoses":[{"EasingStyle":"Constant","Name":"Torso","CFrame":[-0.0005456478102132678,-0.26056408882141116,-0.042360544204711917,0.9998350739479065,0.01815076544880867,-0.0006634407327510417,-0.017426157370209695,0.9483416676521301,-0.3167721629142761,-0.005120488815009594,0.3167314827442169,0.9485015273094177],"SubPoses":[{"CFrame":[8.963979780673981e-8,8.762253855820745e-8,0.016662001609802247,0.9996208548545837,-0.02748190239071846,0.0017355934251099825,0.027516648173332216,0.9944963455200195,-0.1010940745472908,0.0010521473595872522,0.10110344737768173,0.994875431060791],"EasingStyle":"Constant","Name":"Head","EasingDirection":"In"},{"CFrame":[0.0606706440448761,-0.2962481677532196,0.0004394054412841797,0.8423315286636353,-0.443283349275589,0.30655747652053835,0.43305298686027529,0.8952714800834656,0.10466155409812927,-0.320846825838089,0.044595781713724139,0.9460806250572205],"EasingStyle":"Constant","Name":"Right Arm","EasingDirection":"In"},{"CFrame":[-0.05452803149819374,-0.2819312810897827,0.002450108528137207,0.8584883213043213,0.49561434984207156,-0.13177357614040376,-0.49696028232574465,0.8674182891845703,0.024817880243062974,0.1266028881072998,0.04418023303151131,0.9909691214561462],"EasingStyle":"Constant","Name":"Left Arm","EasingDirection":"In"}],"EasingDirection":"In"}],"EasingDirection":"In"},{"EasingStyle":"Constant","Name":"Torso","CFrame":[-0.0005456478102132678,-0.26056408882141116,-0.042360544204711917,0.9998350739479065,0.01815076544880867,-0.0006634407327510417,-0.017426157370209695,0.9483416676521301,-0.3167721629142761,-0.005120488815009594,0.3167314827442169,0.9485015273094177],"SubPoses":[{"CFrame":[8.963979780673981e-8,8.762253855820745e-8,0.016662001609802247,0.9996208548545837,-0.02748190239071846,0.0017355934251099825,0.027516648173332216,0.9944963455200195,-0.1010940745472908,0.0010521473595872522,0.10110344737768173,0.994875431060791],"EasingStyle":"Constant","Name":"Head","EasingDirection":"In"},{"CFrame":[0.0606706440448761,-0.2962481677532196,0.0004394054412841797,0.8423315286636353,-0.443283349275589,0.30655747652053835,0.43305298686027529,0.8952714800834656,0.10466155409812927,-0.320846825838089,0.044595781713724139,0.9460806250572205],"EasingStyle":"Constant","Name":"Right Arm","EasingDirection":"In"},{"CFrame":[-0.05452803149819374,-0.2819312810897827,0.002450108528137207,0.8584883213043213,0.49561434984207156,-0.13177357614040376,-0.49696028232574465,0.8674182891845703,0.024817880243062974,0.1266028881072998,0.04418023303151131,0.9909691214561462],"EasingStyle":"Constant","Name":"Left Arm","EasingDirection":"In"}],"EasingDirection":"In"},{"CFrame":[8.963979780673981e-8,8.762253855820745e-8,0.016662001609802247,0.9996208548545837,-0.02748190239071846,0.0017355934251099825,0.027516648173332216,0.9944963455200195,-0.1010940745472908,0.0010521473595872522,0.10110344737768173,0.994875431060791],"EasingStyle":"Constant","Name":"Head","EasingDirection":"In"},{"CFrame":[0.0606706440448761,-0.2962481677532196,0.0004394054412841797,0.8423315286636353,-0.443283349275589,0.30655747652053835,0.43305298686027529,0.8952714800834656,0.10466155409812927,-0.320846825838089,0.044595781713724139,0.9460806250572205],"EasingStyle":"Constant","Name":"Right Arm","EasingDirection":"In"},{"CFrame":[-0.05452803149819374,-0.2819312810897827,0.002450108528137207,0.8584883213043213,0.49561434984207156,-0.13177357614040376,-0.49696028232574465,0.8674182891845703,0.024817880243062974,0.1266028881072998,0.04418023303151131,0.9909691214561462],"EasingStyle":"Constant","Name":"Left Arm","EasingDirection":"In"}]},{"Time":0.2666666805744171,"Poses":[{"EasingStyle":"Linear","Name":"HumanoidRootPart","CFrame":[0,0,0,1,0,0,0,1,0,0,0,1],"SubPoses":[{"EasingStyle":"Constant","Name":"Torso","CFrame":[-0.0005456482758745551,-0.2946457862854004,-0.054583072662353519,0.9998350739479065,0.01815076731145382,-0.0006634413148276508,-0.017183942720294,0.9334844946861267,-0.3582058548927307,-0.0058823986910283569,0.3581581711769104,0.9336423873901367],"SubPoses":[{"CFrame":[9.12696123123169e-8,-3.161221684422344e-8,0.0166623592376709,0.9996342062950134,-0.026404349133372308,0.005861688405275345,0.026858443394303323,0.9435125589370728,-0.33024653792381289,0.003189380280673504,0.3302830755710602,0.9438765645027161],"EasingStyle":"Constant","Name":"Head","EasingDirection":"In"},{"CFrame":[-0.009679635986685753,-0.4267045855522156,0.0022008419036865236,0.6901653409004211,-0.6649034023284912,0.2856141924858093,0.6438477635383606,0.744378924369812,0.1770876944065094,-0.3303512930870056,0.061672087758779529,0.9418410062789917],"EasingStyle":"Constant","Name":"Right Arm","EasingDirection":"In"},{"CFrame":[0.018825344741344453,-0.40210986137390139,0.001618027687072754,0.6787127256393433,0.7234837412834168,-0.12617622315883637,-0.7237464189529419,0.688080906867981,0.05230378732085228,0.12466035038232804,0.05582025274634361,0.9906280636787415],"EasingStyle":"Constant","Name":"Left Arm","EasingDirection":"In"}],"EasingDirection":"In"}],"EasingDirection":"In"},{"EasingStyle":"Constant","Name":"Torso","CFrame":[-0.0005456482758745551,-0.2946457862854004,-0.054583072662353519,0.9998350739479065,0.01815076731145382,-0.0006634413148276508,-0.017183942720294,0.9334844946861267,-0.3582058548927307,-0.0058823986910283569,0.3581581711769104,0.9336423873901367],"SubPoses":[{"CFrame":[9.12696123123169e-8,-3.161221684422344e-8,0.0166623592376709,0.9996342062950134,-0.026404349133372308,0.005861688405275345,0.026858443394303323,0.9435125589370728,-0.33024653792381289,0.003189380280673504,0.3302830755710602,0.9438765645027161],"EasingStyle":"Constant","Name":"Head","EasingDirection":"In"},{"CFrame":[-0.009679635986685753,-0.4267045855522156,0.0022008419036865236,0.6901653409004211,-0.6649034023284912,0.2856141924858093,0.6438477635383606,0.744378924369812,0.1770876944065094,-0.3303512930870056,0.061672087758779529,0.9418410062789917],"EasingStyle":"Constant","Name":"Right Arm","EasingDirection":"In"},{"CFrame":[0.018825344741344453,-0.40210986137390139,0.001618027687072754,0.6787127256393433,0.7234837412834168,-0.12617622315883637,-0.7237464189529419,0.688080906867981,0.05230378732085228,0.12466035038232804,0.05582025274634361,0.9906280636787415],"EasingStyle":"Constant","Name":"Left Arm","EasingDirection":"In"}],"EasingDirection":"In"},{"CFrame":[9.12696123123169e-8,-3.161221684422344e-8,0.0166623592376709,0.9996342062950134,-0.026404349133372308,0.005861688405275345,0.026858443394303323,0.9435125589370728,-0.33024653792381289,0.003189380280673504,0.3302830755710602,0.9438765645027161],"EasingStyle":"Constant","Name":"Head","EasingDirection":"In"},{"CFrame":[-0.009679635986685753,-0.4267045855522156,0.0022008419036865236,0.6901653409004211,-0.6649034023284912,0.2856141924858093,0.6438477635383606,0.744378924369812,0.1770876944065094,-0.3303512930870056,0.061672087758779529,0.9418410062789917],"EasingStyle":"Constant","Name":"Right Arm","EasingDirection":"In"},{"CFrame":[0.018825344741344453,-0.40210986137390139,0.001618027687072754,0.6787127256393433,0.7234837412834168,-0.12617622315883637,-0.7237464189529419,0.688080906867981,0.05230378732085228,0.12466035038232804,0.05582025274634361,0.9906280636787415],"EasingStyle":"Constant","Name":"Left Arm","EasingDirection":"In"}]},{"Time":0.3333333432674408,"Poses":[{"EasingStyle":"Linear","Name":"HumanoidRootPart","CFrame":[0,0,0,1,0,0,0,1,0,0,0,1],"SubPoses":[{"EasingStyle":"Constant","Name":"Torso","CFrame":[-0.0005456336075440049,-0.25358033180236819,-0.04006314277648926,0.9998350739479065,0.018149947747588159,-0.0006634233868680894,-0.01747044548392296,0.9511345624923706,-0.3082819879055023,-0.004964297637343407,0.3082427382469177,0.9512947797775269],"SubPoses":[{"CFrame":[9.150244295597077e-8,2.95876816380769e-8,0.01666247844696045,0.9996357560157776,-0.026273006573319436,0.006185723003000021,0.026781918480992318,0.9369813203811646,-0.3483513593673706,0.003356314031407237,0.3483901917934418,0.9373435974121094],"EasingStyle":"Constant","Name":"Head","EasingDirection":"In"},{"CFrame":[-0.18673864006996156,-0.47142738103866579,0.005350470542907715,0.5641852617263794,-0.7870205044746399,0.24958737194538117,0.7558181285858154,0.6139758229255676,0.22753621637821198,-0.33231621980667117,0.060270003974437717,0.9412403702735901],"EasingStyle":"Constant","Name":"Right Arm","EasingDirection":"In"},{"CFrame":[0.2022368162870407,-0.4433245360851288,-0.0019513964653015137,0.5405040979385376,0.8339588046073914,-0.1112128347158432,-0.8312533497810364,0.5497454404830933,0.08244895935058594,0.12989775836467744,0.047881826758384708,0.9903705716133118],"EasingStyle":"Constant","Name":"Left Arm","EasingDirection":"In"}],"EasingDirection":"In"}],"EasingDirection":"In"},{"EasingStyle":"Constant","Name":"Torso","CFrame":[-0.0005456336075440049,-0.25358033180236819,-0.04006314277648926,0.9998350739479065,0.018149947747588159,-0.0006634233868680894,-0.01747044548392296,0.9511345624923706,-0.3082819879055023,-0.004964297637343407,0.3082427382469177,0.9512947797775269],"SubPoses":[{"CFrame":[9.150244295597077e-8,2.95876816380769e-8,0.01666247844696045,0.9996357560157776,-0.026273006573319436,0.006185723003000021,0.026781918480992318,0.9369813203811646,-0.3483513593673706,0.003356314031407237,0.3483901917934418,0.9373435974121094],"EasingStyle":"Constant","Name":"Head","EasingDirection":"In"},{"CFrame":[-0.18673864006996156,-0.47142738103866579,0.005350470542907715,0.5641852617263794,-0.7870205044746399,0.24958737194538117,0.7558181285858154,0.6139758229255676,0.22753621637821198,-0.33231621980667117,0.060270003974437717,0.9412403702735901],"EasingStyle":"Constant","Name":"Right Arm","EasingDirection":"In"},{"CFrame":[0.2022368162870407,-0.4433245360851288,-0.0019513964653015137,0.5405040979385376,0.8339588046073914,-0.1112128347158432,-0.8312533497810364,0.5497454404830933,0.08244895935058594,0.12989775836467744,0.047881826758384708,0.9903705716133118],"EasingStyle":"Constant","Name":"Left Arm","EasingDirection":"In"}],"EasingDirection":"In"},{"CFrame":[9.150244295597077e-8,2.95876816380769e-8,0.01666247844696045,0.9996357560157776,-0.026273006573319436,0.006185723003000021,0.026781918480992318,0.9369813203811646,-0.3483513593673706,0.003356314031407237,0.3483901917934418,0.9373435974121094],"EasingStyle":"Constant","Name":"Head","EasingDirection":"In"},{"CFrame":[-0.18673864006996156,-0.47142738103866579,0.005350470542907715,0.5641852617263794,-0.7870205044746399,0.24958737194538117,0.7558181285858154,0.6139758229255676,0.22753621637821198,-0.33231621980667117,0.060270003974437717,0.9412403702735901],"EasingStyle":"Constant","Name":"Right Arm","EasingDirection":"In"},{"CFrame":[0.2022368162870407,-0.4433245360851288,-0.0019513964653015137,0.5405040979385376,0.8339588046073914,-0.1112128347158432,-0.8312533497810364,0.5497454404830933,0.08244895935058594,0.12989775836467744,0.047881826758384708,0.9903705716133118],"EasingStyle":"Constant","Name":"Left Arm","EasingDirection":"In"}]},{"Time":0.4000000059604645,"Poses":[{"EasingStyle":"Linear","Name":"HumanoidRootPart","CFrame":[0,0,0,1,0,0,0,1,0,0,0,1],"SubPoses":[{"EasingStyle":"Constant","Name":"Torso","CFrame":[-0.0005460580578073859,0.00011582145816646516,-2.384185791015625e-7,0.9998351335525513,0.018147097900509836,-0.0006639393977820873,-0.018147006630897523,0.9998354315757752,0.00014080772234592587,0.0006663852836936712,-0.0001287360064452514,0.9999997615814209],"SubPoses":[{"CFrame":[8.914548743632622e-8,-1.6370904631912709e-11,0.016661524772644044,0.9996566772460938,-0.024352189153432847,0.009676676243543625,0.02569502405822277,0.8384802341461182,-0.5443260073661804,0.005141788627952337,0.5443877577781677,0.8388180136680603],"EasingStyle":"Constant","Name":"Head","EasingDirection":"In"},{"CFrame":[-0.2481835037469864,-0.465600848197937,0.006396770477294922,0.49151307344436648,-0.843634307384491,0.21609291434288026,0.81236732006073,0.5335670709609985,0.23529869318008424,-0.3138061761856079,0.05989423766732216,0.9475960731506348],"EasingStyle":"Constant","Name":"Right Arm","EasingDirection":"In"},{"CFrame":[0.26556795835494997,-0.4361534118652344,-0.003192126750946045,0.4721652567386627,0.8755211234092712,-0.10258118063211441,-0.8715122938156128,0.4811151921749115,0.09483983367681503,0.13238760828971864,0.044620487838983539,0.9901931881904602],"EasingStyle":"Constant","Name":"Left Arm","EasingDirection":"In"}],"EasingDirection":"In"}],"EasingDirection":"In"},{"EasingStyle":"Constant","Name":"Torso","CFrame":[-0.0005460580578073859,0.00011582145816646516,-2.384185791015625e-7,0.9998351335525513,0.018147097900509836,-0.0006639393977820873,-0.018147006630897523,0.9998354315757752,0.00014080772234592587,0.0006663852836936712,-0.0001287360064452514,0.9999997615814209],"SubPoses":[{"CFrame":[8.914548743632622e-8,-1.6370904631912709e-11,0.016661524772644044,0.9996566772460938,-0.024352189153432847,0.009676676243543625,0.02569502405822277,0.8384802341461182,-0.5443260073661804,0.005141788627952337,0.5443877577781677,0.8388180136680603],"EasingStyle":"Constant","Name":"Head","EasingDirection":"In"},{"CFrame":[-0.2481835037469864,-0.465600848197937,0.006396770477294922,0.49151307344436648,-0.843634307384491,0.21609291434288026,0.81236732006073,0.5335670709609985,0.23529869318008424,-0.3138061761856079,0.05989423766732216,0.9475960731506348],"EasingStyle":"Constant","Name":"Right Arm","EasingDirection":"In"},{"CFrame":[0.26556795835494997,-0.4361534118652344,-0.003192126750946045,0.4721652567386627,0.8755211234092712,-0.10258118063211441,-0.8715122938156128,0.4811151921749115,0.09483983367681503,0.13238760828971864,0.044620487838983539,0.9901931881904602],"EasingStyle":"Constant","Name":"Left Arm","EasingDirection":"In"}],"EasingDirection":"In"},{"CFrame":[8.914548743632622e-8,-1.6370904631912709e-11,0.016661524772644044,0.9996566772460938,-0.024352189153432847,0.009676676243543625,0.02569502405822277,0.8384802341461182,-0.5443260073661804,0.005141788627952337,0.5443877577781677,0.8388180136680603],"EasingStyle":"Constant","Name":"Head","EasingDirection":"In"},{"CFrame":[-0.2481835037469864,-0.465600848197937,0.006396770477294922,0.49151307344436648,-0.843634307384491,0.21609291434288026,0.81236732006073,0.5335670709609985,0.23529869318008424,-0.3138061761856079,0.05989423766732216,0.9475960731506348],"EasingStyle":"Constant","Name":"Right Arm","EasingDirection":"In"},{"CFrame":[0.26556795835494997,-0.4361534118652344,-0.003192126750946045,0.4721652567386627,0.8755211234092712,-0.10258118063211441,-0.8715122938156128,0.4811151921749115,0.09483983367681503,0.13238760828971864,0.044620487838983539,0.9901931881904602],"EasingStyle":"Constant","Name":"Left Arm","EasingDirection":"In"}]},{"Time":0.46666666865348818,"Poses":[{"EasingStyle":"Linear","Name":"HumanoidRootPart","CFrame":[0,0,0,1,0,0,0,1,0,0,0,1],"SubPoses":[{"EasingStyle":"Constant","Name":"Torso","CFrame":[-0.0005456479266285896,0.17816033959388734,-0.019526004791259767,0.9998350739479065,0.018150771036744119,-0.0006634409655816853,-0.01757624000310898,0.9761039614677429,0.21659259498119355,0.004578909371048212,-0.2165452390909195,0.9762618541717529],"SubPoses":[{"CFrame":[8.684583008289337e-8,5.780384526588023e-8,0.016662240028381349,0.9996651411056519,-0.02353242039680481,0.010761766694486142,0.025242909789085389,0.7953774929046631,-0.6055886149406433,0.005691288970410824,0.6056574583053589,0.7957051396369934],"EasingStyle":"Constant","Name":"Head","EasingDirection":"In"},{"CFrame":[-0.14359676837921143,-0.26338088512420657,0.004184603691101074,0.45296764373779299,-0.8791323900222778,0.14814424514770509,0.8680985569953919,0.47277602553367617,0.15128691494464875,-0.20304027199745179,0.0600755512714386,0.9773257374763489],"EasingStyle":"Constant","Name":"Right Arm","EasingDirection":"In"},{"CFrame":[0.15840257704257966,-0.22434014081954957,-0.001542806625366211,0.4410278797149658,0.8942422270774841,-0.07632508128881455,-0.8910214304924011,0.4464559257030487,0.0822073444724083,0.1075890064239502,0.031751472502946857,0.9936884045600891],"EasingStyle":"Constant","Name":"Left Arm","EasingDirection":"In"}],"EasingDirection":"In"}],"EasingDirection":"In"},{"EasingStyle":"Constant","Name":"Torso","CFrame":[-0.0005456479266285896,0.17816033959388734,-0.019526004791259767,0.9998350739479065,0.018150771036744119,-0.0006634409655816853,-0.01757624000310898,0.9761039614677429,0.21659259498119355,0.004578909371048212,-0.2165452390909195,0.9762618541717529],"SubPoses":[{"CFrame":[8.684583008289337e-8,5.780384526588023e-8,0.016662240028381349,0.9996651411056519,-0.02353242039680481,0.010761766694486142,0.025242909789085389,0.7953774929046631,-0.6055886149406433,0.005691288970410824,0.6056574583053589,0.7957051396369934],"EasingStyle":"Constant","Name":"Head","EasingDirection":"In"},{"CFrame":[-0.14359676837921143,-0.26338088512420657,0.004184603691101074,0.45296764373779299,-0.8791323900222778,0.14814424514770509,0.8680985569953919,0.47277602553367617,0.15128691494464875,-0.20304027199745179,0.0600755512714386,0.9773257374763489],"EasingStyle":"Constant","Name":"Right Arm","EasingDirection":"In"},{"CFrame":[0.15840257704257966,-0.22434014081954957,-0.001542806625366211,0.4410278797149658,0.8942422270774841,-0.07632508128881455,-0.8910214304924011,0.4464559257030487,0.0822073444724083,0.1075890064239502,0.031751472502946857,0.9936884045600891],"EasingStyle":"Constant","Name":"Left Arm","EasingDirection":"In"}],"EasingDirection":"In"},{"CFrame":[8.684583008289337e-8,5.780384526588023e-8,0.016662240028381349,0.9996651411056519,-0.02353242039680481,0.010761766694486142,0.025242909789085389,0.7953774929046631,-0.6055886149406433,0.005691288970410824,0.6056574583053589,0.7957051396369934],"EasingStyle":"Constant","Name":"Head","EasingDirection":"In"},{"CFrame":[-0.14359676837921143,-0.26338088512420657,0.004184603691101074,0.45296764373779299,-0.8791323900222778,0.14814424514770509,0.8680985569953919,0.47277602553367617,0.15128691494464875,-0.20304027199745179,0.0600755512714386,0.9773257374763489],"EasingStyle":"Constant","Name":"Right Arm","EasingDirection":"In"},{"CFrame":[0.15840257704257966,-0.22434014081954957,-0.001542806625366211,0.4410278797149658,0.8942422270774841,-0.07632508128881455,-0.8910214304924011,0.4464559257030487,0.0822073444724083,0.1075890064239502,0.031751472502946857,0.9936884045600891],"EasingStyle":"Constant","Name":"Left Arm","EasingDirection":"In"}]},{"Time":0.5333333611488342,"Poses":[{"EasingStyle":"Linear","Name":"HumanoidRootPart","CFrame":[0,0,0,1,0,0,0,1,0,0,0,1],"SubPoses":[{"EasingStyle":"Constant","Name":"Torso","CFrame":[-0.0005439195083454251,0.2000606656074524,-0.024700164794921876,0.9998350143432617,0.018158743157982827,-0.0006613396108150482,-0.017452651634812356,0.9698148369789124,0.24321722984313966,0.005057896487414837,-0.2431655079126358,0.9699717164039612],"SubPoses":[{"CFrame":[8.754432201385498e-8,5.865331331733614e-8,0.016662120819091798,0.999647855758667,-0.025162752717733384,0.00843749474734068,0.026153340935707094,0.8799434304237366,-0.47435811161994936,0.004511624574661255,0.4744116961956024,0.8802915811538696],"EasingStyle":"Constant","Name":"Head","EasingDirection":"In"},{"CFrame":[-0.029351329430937768,-0.05465620756149292,0.0007402896881103516,0.3121553957462311,-0.9491521716117859,0.040855567902326587,0.9488708972930908,0.3136105239391327,0.03595307841897011,-0.046937670558691028,0.027543703094124795,0.9985180497169495],"EasingStyle":"Constant","Name":"Right Arm","EasingDirection":"In"},{"CFrame":[0.052173856645822528,-0.015519499778747559,-0.0007175803184509277,0.31673598289489748,0.9484765529632568,-0.00841124914586544,-0.9475110769271851,0.31679633259773257,0.04316223785281181,0.043603017926216128,-0.005701402202248573,0.9990326762199402],"EasingStyle":"Constant","Name":"Left Arm","EasingDirection":"In"}],"EasingDirection":"In"}],"EasingDirection":"In"},{"EasingStyle":"Constant","Name":"Torso","CFrame":[-0.0005439195083454251,0.2000606656074524,-0.024700164794921876,0.9998350143432617,0.018158743157982827,-0.0006613396108150482,-0.017452651634812356,0.9698148369789124,0.24321722984313966,0.005057896487414837,-0.2431655079126358,0.9699717164039612],"SubPoses":[{"CFrame":[8.754432201385498e-8,5.865331331733614e-8,0.016662120819091798,0.999647855758667,-0.025162752717733384,0.00843749474734068,0.026153340935707094,0.8799434304237366,-0.47435811161994936,0.004511624574661255,0.4744116961956024,0.8802915811538696],"EasingStyle":"Constant","Name":"Head","EasingDirection":"In"},{"CFrame":[-0.029351329430937768,-0.05465620756149292,0.0007402896881103516,0.3121553957462311,-0.9491521716117859,0.040855567902326587,0.9488708972930908,0.3136105239391327,0.03595307841897011,-0.046937670558691028,0.027543703094124795,0.9985180497169495],"EasingStyle":"Constant","Name":"Right Arm","EasingDirection":"In"},{"CFrame":[0.052173856645822528,-0.015519499778747559,-0.0007175803184509277,0.31673598289489748,0.9484765529632568,-0.00841124914586544,-0.9475110769271851,0.31679633259773257,0.04316223785281181,0.043603017926216128,-0.005701402202248573,0.9990326762199402],"EasingStyle":"Constant","Name":"Left Arm","EasingDirection":"In"}],"EasingDirection":"In"},{"CFrame":[8.754432201385498e-8,5.865331331733614e-8,0.016662120819091798,0.999647855758667,-0.025162752717733384,0.00843749474734068,0.026153340935707094,0.8799434304237366,-0.47435811161994936,0.004511624574661255,0.4744116961956024,0.8802915811538696],"EasingStyle":"Constant","Name":"Head","EasingDirection":"In"},{"CFrame":[-0.029351329430937768,-0.05465620756149292,0.0007402896881103516,0.3121553957462311,-0.9491521716117859,0.040855567902326587,0.9488708972930908,0.3136105239391327,0.03595307841897011,-0.046937670558691028,0.027543703094124795,0.9985180497169495],"EasingStyle":"Constant","Name":"Right Arm","EasingDirection":"In"},{"CFrame":[0.052173856645822528,-0.015519499778747559,-0.0007175803184509277,0.31673598289489748,0.9484765529632568,-0.00841124914586544,-0.9475110769271851,0.31679633259773257,0.04316223785281181,0.043603017926216128,-0.005701402202248573,0.9990326762199402],"EasingStyle":"Constant","Name":"Left Arm","EasingDirection":"In"}]},{"Time":0.6000000238418579,"Poses":[{"EasingStyle":"Linear","Name":"HumanoidRootPart","CFrame":[0,0,0,1,0,0,0,1,0,0,0,1],"SubPoses":[{"EasingStyle":"Constant","Name":"Torso","CFrame":[-0.0005428054137155414,0.21752160787582398,-0.029282808303833009,0.9998348355293274,0.018163323402404786,-0.0006599852931685746,-0.017342224717140199,0.9642450213432312,0.2644447088241577,0.005439581349492073,-0.26438960433006289,0.9644006490707398],"SubPoses":[{"CFrame":[9.150244295597077e-8,-1.1028896551579237e-7,0.01666259765625,0.9996311664581299,-0.026651686057448388,0.0052290018647909168,0.02700818143785,0.9551311135292053,-0.2949496805667877,0.002866471651941538,0.2949821352958679,0.9554985165596008],"EasingStyle":"Constant","Name":"Head","EasingDirection":"In"},{"CFrame":[-0.0019177142530679703,-0.04450783133506775,-0.003885805606842041,-0.3189535439014435,-0.9438951015472412,-0.08561965823173523,0.9475147128105164,-0.31546565890312197,-0.05193471908569336,0.022010870277881624,-0.09769074618816376,0.9949734807014465],"EasingStyle":"Constant","Name":"Right Arm","EasingDirection":"In"},{"CFrame":[0.0502115860581398,-0.02468124032020569,-0.005180656909942627,-0.22132162749767304,0.9645838141441345,0.1435089409351349,-0.9750490188598633,-0.2214750498533249,-0.015108210034668446,0.01721048355102539,-0.14327220618724824,0.9895337224006653],"EasingStyle":"Constant","Name":"Left Arm","EasingDirection":"In"}],"EasingDirection":"In"}],"EasingDirection":"In"},{"EasingStyle":"Constant","Name":"Torso","CFrame":[-0.0005428054137155414,0.21752160787582398,-0.029282808303833009,0.9998348355293274,0.018163323402404786,-0.0006599852931685746,-0.017342224717140199,0.9642450213432312,0.2644447088241577,0.005439581349492073,-0.26438960433006289,0.9644006490707398],"SubPoses":[{"CFrame":[9.150244295597077e-8,-1.1028896551579237e-7,0.01666259765625,0.9996311664581299,-0.026651686057448388,0.0052290018647909168,0.02700818143785,0.9551311135292053,-0.2949496805667877,0.002866471651941538,0.2949821352958679,0.9554985165596008],"EasingStyle":"Constant","Name":"Head","EasingDirection":"In"},{"CFrame":[-0.0019177142530679703,-0.04450783133506775,-0.003885805606842041,-0.3189535439014435,-0.9438951015472412,-0.08561965823173523,0.9475147128105164,-0.31546565890312197,-0.05193471908569336,0.022010870277881624,-0.09769074618816376,0.9949734807014465],"EasingStyle":"Constant","Name":"Right Arm","EasingDirection":"In"},{"CFrame":[0.0502115860581398,-0.02468124032020569,-0.005180656909942627,-0.22132162749767304,0.9645838141441345,0.1435089409351349,-0.9750490188598633,-0.2214750498533249,-0.015108210034668446,0.01721048355102539,-0.14327220618724824,0.9895337224006653],"EasingStyle":"Constant","Name":"Left Arm","EasingDirection":"In"}],"EasingDirection":"In"},{"CFrame":[9.150244295597077e-8,-1.1028896551579237e-7,0.01666259765625,0.9996311664581299,-0.026651686057448388,0.0052290018647909168,0.02700818143785,0.9551311135292053,-0.2949496805667877,0.002866471651941538,0.2949821352958679,0.9554985165596008],"EasingStyle":"Constant","Name":"Head","EasingDirection":"In"},{"CFrame":[-0.0019177142530679703,-0.04450783133506775,-0.003885805606842041,-0.3189535439014435,-0.9438951015472412,-0.08561965823173523,0.9475147128105164,-0.31546565890312197,-0.05193471908569336,0.022010870277881624,-0.09769074618816376,0.9949734807014465],"EasingStyle":"Constant","Name":"Right Arm","EasingDirection":"In"},{"CFrame":[0.0502115860581398,-0.02468124032020569,-0.005180656909942627,-0.22132162749767304,0.9645838141441345,0.1435089409351349,-0.9750490188598633,-0.2214750498533249,-0.015108210034668446,0.01721048355102539,-0.14327220618724824,0.9895337224006653],"EasingStyle":"Constant","Name":"Left Arm","EasingDirection":"In"}]},{"Time":0.6666666865348816,"Poses":[{"EasingStyle":"Linear","Name":"HumanoidRootPart","CFrame":[0,0,0,1,0,0,0,1,0,0,0,1],"SubPoses":[{"EasingStyle":"Constant","Name":"Torso","CFrame":[-0.0005422832909971476,0.231106698513031,-0.03313326835632324,0.9998348951339722,0.018165141344070436,-0.0006593503057956696,-0.01724822446703911,0.9595643877983093,0.2809603214263916,0.005736374296247959,-0.28090253472328188,0.959719181060791],"SubPoses":[{"CFrame":[8.940696716308594e-8,8.752613211981952e-8,0.016662001609802247,0.999619722366333,-0.027540337294340135,0.0013944333186373115,0.02756151556968689,0.9962180852890015,-0.08240165561437607,0.0008802305092103779,0.08240875601768494,0.9965982437133789],"EasingStyle":"Constant","Name":"Head","EasingDirection":"In"},{"CFrame":[0.03925079479813576,-0.05937209725379944,-0.006725192070007324,-0.9867786169052124,0.08018834888935089,-0.14084665477275849,-0.05198222026228905,-0.9797051548957825,-0.1935862898826599,-0.15351153910160066,-0.18370521068572999,0.9709205627441406],"EasingStyle":"Constant","Name":"Right Arm","EasingDirection":"In"},{"CFrame":[0.03861982002854347,-0.05825522541999817,-0.009503841400146485,-0.9079540371894836,0.267140656709671,0.32288604974746706,-0.3375071883201599,-0.9228562116622925,-0.18554066121578217,0.2484118789434433,-0.2774388790130615,0.928072988986969],"EasingStyle":"Constant","Name":"Left Arm","EasingDirection":"In"}],"EasingDirection":"In"}],"EasingDirection":"In"},{"EasingStyle":"Constant","Name":"Torso","CFrame":[-0.0005422832909971476,0.231106698513031,-0.03313326835632324,0.9998348951339722,0.018165141344070436,-0.0006593503057956696,-0.01724822446703911,0.9595643877983093,0.2809603214263916,0.005736374296247959,-0.28090253472328188,0.959719181060791],"SubPoses":[{"CFrame":[8.940696716308594e-8,8.752613211981952e-8,0.016662001609802247,0.999619722366333,-0.027540337294340135,0.0013944333186373115,0.02756151556968689,0.9962180852890015,-0.08240165561437607,0.0008802305092103779,0.08240875601768494,0.9965982437133789],"EasingStyle":"Constant","Name":"Head","EasingDirection":"In"},{"CFrame":[0.03925079479813576,-0.05937209725379944,-0.006725192070007324,-0.9867786169052124,0.08018834888935089,-0.14084665477275849,-0.05198222026228905,-0.9797051548957825,-0.1935862898826599,-0.15351153910160066,-0.18370521068572999,0.9709205627441406],"EasingStyle":"Constant","Name":"Right Arm","EasingDirection":"In"},{"CFrame":[0.03861982002854347,-0.05825522541999817,-0.009503841400146485,-0.9079540371894836,0.267140656709671,0.32288604



